VERSION 1
FORMAT x y z
POINTS 150
DATA ascii
4.02898682798663 88.73466113795168 91.2432186591652
20.411005055533447 97.72976288685311 41.99336791166307
12.179935297426969 86.29280131512769 44.36153085687698
97.22542613639388 1.6336417762076283 87.86717755774671
78.01175415758931 19.191910698931558 89.99671724762347
7.601450055623305 96.72032429156103 89.41168014464888
52.81224835283048 39.249153516775294 96.16182724287799
86.66784389211334 89.96332405584468 95.23037826824948
82.10738306871389 95.86666127822971 96.93555141745112
74.60669209639299 43.69799656026216 2.9465388784304714
62.85479057357105 36.17816492569823 64.98182783585274
38.316723799512594 22.435745015814966 44.87506600289745
56.83859432381656 67.61494469214493 80.41292793020457
49.604057110965904 53.08646780170654 20.503701635451822
7.620896913340058 39.064372293783364 66.86063596499471
22.805866426942767 98.74227406800028 29.73375035666316
76.85710515533593 84.89434978426515 73.01989476495638
59.039679392113506 98.60026270846349 43.82107573216728
77.25534293949602 59.24048892495553 66.44975374079827
79.03954741144346 26.620923676003972 46.985458733494525
96.28655193455236 51.61660934950025 97.3520805563135
79.95468368605401 7.041868170806376 0.45376298082933086
16.953849328969937 21.239090316019325 15.37719187965707
24.583346686717423 41.41138089651392 25.901866536418115
1.0176368865596142 52.81667394371085 12.738468542490677
43.190473697700504 73.91444905771424 20.56452577615454
89.09247548904078 56.121477592989 93.37389351932235
45.8956281049767 5.356123181630479 51.41527831663417
25.087518063977022 75.76084799405444 15.411956321364972
19.176986995893962 72.28996072003918 64.62493676770146
42.46327153444726 17.282817384695726 21.056816065365325
88.80632508896477 66.11089454593278 3.5238465533899643
52.16560855283839 36.8931466778771 85.9834527046128
4.118478190750253 68.63039404296265 26.866295222998502
81.99951918546466 19.030426460156246 34.66445807277213
53.078517329358874 66.90383256802124 4.109461592085961
21.683107967685487 81.50028906533421 83.55496399855703
10.543685805595493 68.75311961342668 85.27495227664328
49.35904969839506 73.17186633156295 63.08512506606602
61.74584398754598 90.77521733487289 9.903720849499253
93.26169719220464 98.78649558060567 78.24206914558663
93.47404288722058 96.66617896023732 10.66229731057975
83.74734151352975 90.01752302662186 80.22903062046761
83.10273682106106 13.646523854397596 64.29356227762429
84.55014987461892 97.21479947209113 63.457543619030766
27.089538613324184 23.039834784582247 36.52454442434253
46.58525571394478 8.973316038610623 17.743258754920888
23.208498219923513 72.90255148079495 53.748336465730596
12.008695901792333 33.11298493704804 64.2138058871308
58.49751583332612 11.749051705981229 69.47309845562326
7.61111266701866 47.396822883073284 26.26182462858777
61.21307461988249 16.86692077467796 73.41667881793774
16.990838890811943 57.937186865993716 15.269289829426192
64.85509618243049 49.000819587066424 49.680730116396255
65.5054471455343 26.9018553450733 65.95477807766409
0.8470942442510232 48.200821203742706 68.91607681970859
40.979481360341666 3.709675361159015 9.20079172524616
29.767715989446575 21.718675270600574 22.465622272991347
80.6155257955035 59.19147667191421 83.096024795738
86.15288608524591 55.758628002919394 48.18591986596421
6.268779257701174 83.42449331663879 2.3592618077817873
46.666824168954044 83.36003263890562 57.14076620779115
83.5047983046685 3.4111612279097647 33.131948173521096
53.41874743689638 36.53354475879197 19.97264480852007
4.451359352099892 2.082041326697459 75.87279713544035
22.490978830515708 97.3566623191904 66.50887127148751
6.598114431952206 90.31397177757322 48.64507545684737
47.86876918320139 61.05577085577484 27.567149171046424
57.934212086184836 88.32621169352727 98.04287650025921
51.70889052212001 38.68601024992412 82.51469058458814
49.566770035829336 59.44882408542889 24.95412120015792
8.266056169770874 5.7343499088278405 83.08832320841394
14.595604137460372 36.87795152880094 75.81528242127405
21.005059676681405 52.561275966916575 43.9132392154532
92.16458237129606 42.67125504649047 23.697242330051406
96.02516776962251 26.932229434617305 73.68854633018346
43.48230149197965 97.49262146351838 63.394888019477726
19.493028615562746 69.99738453177098 66.18428890545398
3.81599055690052 17.169079452920855 83.46145657328175
73.41307807496655 72.06250271224954 45.81874357171465
7.834683883211313 87.3390732587099 36.80817303268922
70.0024505435954 2.9223753456960266 33.50067320607225
53.85418911808863 68.71983384333387 78.99573937677344
30.810313818486613 25.36504066999459 19.050636831812394
56.23275513311565 7.67531299293811 92.98971837247119
92.20615231852582 15.37226752419084 90.81872133211377
18.39665667990371 79.11949028069591 78.07670107183695
65.07462948809865 56.781816365710526 95.37199252391719
57.41014576932443 86.89327998118769 46.02564824548114
1.945584570794967 93.41949849935753 91.36147378157405
16.250551365930864 89.22403736995325 10.185359712521125
82.18781030826075 46.86245891033083 74.13667629777318
72.71817725209492 17.357421064435698 61.66828000098518
65.92462316452942 88.84819548086467 98.26384415587749
53.52783435693353 26.8089249168978 71.98467687782988
52.4674983811247 15.303359745148825 62.81237861219955
81.62677480704174 10.24881689131043 3.778538628706485
82.75335495798 41.40296805557973 62.080201638826395
64.85848673833966 52.66204857441294 27.446822932447013
5.834417432937078 14.966104102301813 23.881471742748094
19.533641164154037 92.31239780047933 44.613001735208556
74.5327836919648 6.067704892488635 14.006916232107148
90.36730489391897 40.841327222564075 19.97389222173116
71.53167523476058 92.91832489987341 5.530159729278394
52.61839910004063 76.37993748208858 92.64629938951866
57.40061969037061 25.523229338023135 25.945615633603346
98.91715025206496 1.678631187536006 46.391164237519476
15.720809094681831 58.85344301242822 35.315626231994415
8.665767109167955 91.25545702854406 48.53292485193239
60.73775682184992 17.39262166119143 57.90962283229616
27.116717474615392 70.97848101629887 15.858902813017007
42.35764822960013 38.784185081655885 26.11981119185196
37.98804491805454 94.17809203725967 58.511844865129305
68.16395395680293 11.723036042112723 13.696093188293334
50.31498753531459 29.009481475513898 94.56335113827889
23.14882613809036 39.377022622796886 76.8540083606134
18.45384110032624 53.670133800010944 36.99970311564931
67.74313804212743 80.22121412999192 78.29453894634662
71.70533442800534 1.7619549070898133 89.11840655766522
93.34292477304095 12.845041001606594 48.18527808532529
54.65128872343919 13.472447272929678 42.057023071737
67.6076098022066 80.42994391959706 65.73000095656595
64.72143726224813 54.07663915377611 87.40851795516627
49.1538245540529 85.369077049535 76.5931134596378
57.850861162426924 49.41115850805063 20.053081640752445
38.720799628314786 91.6154490631413 53.70777222822599
56.52271244589059 28.939821485292317 33.67813917463489
20.487011241435926 87.1114097212384 78.57531402219237
18.567933410518012 53.67776448127797 60.76368532115097
99.51832400108792 53.51383766311378 9.370461997157909
12.947386883756984 2.5989084494079218 18.823678005118825
98.39518558412435 2.5709913252040417 93.45847339530752
9.152891754425818 49.2480967150638 55.664011777471046
47.29242772125446 88.67028553009789 13.312446271153334
37.69983852778764 60.74043769360159 3.7090038958916827
39.154249937125975 35.76483604262896 18.51213801560877
15.280786163109394 87.7272719189435 14.135192809525599
93.924482213493 76.21369801494303 25.195399083619986
37.91564732399103 81.89335451026906 55.49256882097622
95.89429400357903 71.8724797447462 28.028968317348212
12.690875847323502 27.719314066097667 18.177233825029237
15.379046331777623 39.04932170758863 79.92503292630754
94.00340224872691 45.0167905718587 92.63004249156869
95.98937818153755 47.63900357816211 0.23579642431779124
66.34361350581295 81.75504736403433 59.86930637663871
74.89891701443027 24.71213509918012 12.957459268657257
43.64128514120823 74.30588449574388 50.034055379465414
0.28835050297644216 88.66600490151956 27.96796508450966
79.4874042362614 77.110826647434 59.55334446279564
24.56911933592123 41.6574375894066 67.7032727225505
>